POS = 100
NEG = 100
TP = 100, FP = 82
TN = 18, FN = 0
Precision = 0.5494505494505495
Accuracy = 0.59
Recall = 1.0
Specificity = 0.18
F_score = 0.7421383647798743
(118/200) (classification)
