POS = 100
NEG = 100
TP = 100, FP = 76
TN = 24, FN = 0
Precision = 0.5681818181818182
Accuracy = 0.62
Recall = 1.0
Specificity = 0.24
F_score = 0.7654320987654321
(124/200) (classification)
