POS = 40
NEG = 40
TP = 39, FP = 34
TN = 6, FN = 1
Precision = 0.5342465753424658
Accuracy = 0.5625
Recall = 0.975
Specificity = 0.15
F_score = 0.7134146341463414
(45/80) (classification)
