POS = 40
NEG = 40
TP = 40, FP = 31
TN = 9, FN = 0
Precision = 0.5633802816901409
Accuracy = 0.6125
Recall = 1.0
Specificity = 0.225
F_score = 0.7596899224806202
(49/80) (classification)
