POS = 40
NEG = 40
TP = 38, FP = 31
TN = 9, FN = 2
Precision = 0.5507246376811594
Accuracy = 0.5875
Recall = 0.95
Specificity = 0.225
F_score = 0.7260162601626016
(47/80) (classification)
