POS = 100
NEG = 100
TP = 100, FP = 67
TN = 33, FN = 0
Precision = 0.5988023952095808
Accuracy = 0.665
Recall = 1.0
Specificity = 0.33
F_score = 0.7987987987987988
(133/200) (classification)
